Text: [1, 1, 1, 0.686274529]
TextDisabled: [0.501960814, 0.501960814, 0.501960814, 1]
WindowBg: [0.0599999987, 0.0599999987, 0.0599999987, 1]
ChildBg: [0, 0, 0, 0]
PopupBg: [0.0799999982, 0.0799999982, 0.0799999982, 0.939999998]
Border: [0.430000007, 0.430000007, 0.5, 0.5]
BorderShadow: [0, 0, 0, 0]
FrameBg: [0.159999996, 0.289999992, 0.479999989, 0.540000021]
FrameBgHovered: [0.25999999, 0.589999974, 0.980000019, 0.400000006]
FrameBgActive: [0.25999999, 0.589999974, 0.980000019, 0.670000017]
TitleBg: [0.0399999991, 0.0399999991, 0.0399999991, 1]
TitleBgActive: [0.159999996, 0.289999992, 0.479999989, 1]
TitleBgCollapsed: [0, 0, 0, 0.50999999]
MenuBarBg: [0.140000001, 0.140000001, 0.140000001, 1]
ScrollbarBg: [0.0199999996, 0.0199999996, 0.0199999996, 0.529999971]
ScrollbarGrab: [0.310000002, 0.310000002, 0.310000002, 1]
ScrollbarGrabHovered: [0.409999996, 0.409999996, 0.409999996, 1]
ScrollbarGrabActive: [0.50999999, 0.50999999, 0.50999999, 1]
CheckMark: [0.25999999, 0.589999974, 0.980000019, 1]
SliderGrab: [0.239999995, 0.519999981, 0.879999995, 1]
SliderGrabActive: [0.25999999, 0.589999974, 0.980000019, 1]
Button: [0.25999999, 0.589999974, 0.980000019, 0.400000006]
ButtonHovered: [0.25999999, 0.589999974, 0.980000019, 1]
ButtonActive: [0.0599999987, 0.529999971, 0.980000019, 1]
Header: [0.25999999, 0.589999974, 0.980000019, 0.310000002]
HeaderHovered: [0.25999999, 0.589999974, 0.980000019, 0.800000012]
HeaderActive: [0.25999999, 0.589999974, 0.980000019, 1]
Separator: [0.430000007, 0.430000007, 0.5, 0.5]
SeparatorHovered: [0.100000001, 0.400000006, 0.75, 0.779999971]
SeparatorActive: [0.100000001, 0.400000006, 0.75, 1]
ResizeGrip: [0.25999999, 0.589999974, 0.980000019, 0.200000003]
ResizeGripHovered: [0.25999999, 0.589999974, 0.980000019, 0.670000017]
ResizeGripActive: [0.25999999, 0.589999974, 0.980000019, 0.949999988]
Tab: [0.179999992, 0.349999964, 0.580000043, 0.861999989]
TabHovered: [0.25999999, 0.589999974, 0.980000019, 0.800000012]
TabActive: [0.199999988, 0.409999967, 0.680000007, 1]
TabUnfocused: [0.0680000037, 0.101999983, 0.148000032, 0.97240001]
TabUnfocusedActive: [0.135999978, 0.261999965, 0.423999995, 1]
DockingPreview: [0.25999999, 0.589999974, 0.980000019, 0.699999988]
DockingEmptyBg: [0.200000003, 0.200000003, 0.200000003, 1]
PlotLines: [0.610000014, 0.610000014, 0.610000014, 1]
PlotLinesHovered: [1, 0.430000007, 0.349999994, 1]
PlotHistogram: [0.899999976, 0.699999988, 0, 1]
PlotHistogramHovered: [1, 0.600000024, 0, 1]
TableHeaderBg: [0.189999998, 0.189999998, 0.200000003, 1]
TableBorderStrong: [0.310000002, 0.310000002, 0.349999994, 1]
TableBorderLight: [0.230000004, 0.230000004, 0.25, 1]
TableRowBg: [0, 0, 0, 0]
TableRowBgAlt: [1, 1, 1, 0.0599999987]
TextSelectedBg: [0.25999999, 0.589999974, 0.980000019, 0.349999994]
DragDropTarget: [1, 1, 0, 0.899999976]
NavHighlight: [0.25999999, 0.589999974, 0.980000019, 1]
NavWindowingHighlight: [1, 1, 1, 0.699999988]
NavWindowingDimBg: [0.800000012, 0.800000012, 0.800000012, 0.200000003]
ModalWindowDimBg: [0.800000012, 0.800000012, 0.800000012, 0.349999994]
Alpha: 1
DisabledAlpha: 0.600000024
WindowPadding: [8, 8]
WindowRounding: 12
WindowBorderSize: 0
WindowMinSize: [32, 32]
WindowTitleAlign: [0, 0.5]
ChildRounding: 0
ChildBorderSize: 1
PopupRounding: 0
PopupBorderSize: 1
FramePadding: [4, 3]
FrameRounding: 0
FrameBorderSize: 0
ItemSpacing: [8, 4]
ItemInnerSpacing: [4, 4]
IndentSpacing: 21
CellPadding: [4, 2]
ScrollbarSize: 14
ScrollbarRounding: 9
GrabMinSize: 12
GrabRounding: 0
TabRounding: 4
ButtonTextAlign: [0.5, 0.5]
SelectableTextAlign: [0, 0]
SeparatorTextBorderSize: 3
SeparatorTextAlign: [0, 0.5]
SeparatorTextPadding: [20, 3]
DockingSeparatorSize: 2